pdg_id
-2212
-2112
-321
-211
-24
-16
-15
-14
-13
-12
-11
-6
-5
-4
-3
-2
-1
1
2
3
4
5
6
11
12
13
14
15
16
21
22
23
24
25
111
211
321
2112
2212
3112
3122
3212
3222
3312
3322
3334
0

charge
-1
0
-1
-1
-1
0
1
0
1
0
1
-0.66666666666666663
0.33333333333333331
-0.66666666666666663
0.33333333333333331
-0.66666666666666663
0.33333333333333331
-0.33333333333333331
0.66666666666666663
-0.33333333333333331
0.66666666666666663
-0.33333333333333331
0.66666666666666663
-1
0
-1
0
-1
0
0
0
0
1
0
0
1
1
0
1
-1
0
0
1
-1
0
-1
0

rank
4
4
0
0
0
0
0
0
0
0
0
0
0
0
0
0
0
0
0
0
0
0
0
0
0
0
0
0
0
0
0
0
0
0
0
0
0
4
4
4
4
4
4
4
4
4
0

mass
938.27208815999995
939.56542049999996
493.67700000000002
139.57039
80379
0
1776.8599999999999
0
105.65837550000001
0
0.51099894999999995
172500
4180
1270
93.400000000000006
2.1600000000000001
4.6699999999999999
4.6699999999999999
2.1600000000000001
93.400000000000006
1270
4180
172500
0.51099894999999995
0
105.65837550000001
0
1776.8599999999999
0
0
0
91187.600000000006
80379
125250
134.9768
139.57039
493.67700000000002
939.56542049999996
938.27208815999995
1197.4490000000001
1115.683
1192.6420000000001
1189.3699999999999
1321.71
1314.8599999999999
1672.45
0

mass_lower
2.8999999999999998e-07
4.9999999999999998e-07
0.016
0.00018000000000000001
12
0
0.12
0
2.3e-06
0
1.5e-10
700
20
20
3.3999999999999999
0.29999999999999999
0.20000000000000001
0.20000000000000001
0.29999999999999999
3.3999999999999999
20
20
700
1.5e-10
0
2.3e-06
0
0.12
0
0
0
2.1000000000000001
12
170
0.00050000000000000001
0.00018000000000000001
0.016
4.9999999999999998e-07
2.8999999999999998e-07
0.029999999999999999
0.0060000000000000001
0.024
0.070000000000000007
0.070000000000000007
0.20000000000000001
0.28999999999999998
0

mass_upper
2.8999999999999998e-07
4.9999999999999998e-07
0.016
0.00018000000000000001
12
0
0.12
0
2.3e-06
0
1.5e-10
700
30
20
8.5999999999999996
0.5
0.5
0.5
0.5
8.5999999999999996
20
30
700
1.5e-10
0
2.3e-06
0
0.12
0
0
0
2.1000000000000001
12
170
0.00050000000000000001
0.00018000000000000001
0.016
4.9999999999999998e-07
2.8999999999999998e-07
0.029999999999999999
0.0060000000000000001
0.024
0.070000000000000007
0.070000000000000007
0.20000000000000001
0.28999999999999998
0

width
0
7.4929999999999999e-25
5.3170000000000002e-14
2.5284e-14
2080
0
2.2670000000000001e-09
0
2.9959835999999998e-16
0
0
1420
0
0
0
0
0
0
0
0
0
0
1420
0
0
2.9959835999999998e-16
0
2.2670000000000001e-09
0
0
0
2495.1999999999998
2080
3.2000000000000002
7.8099999999999998e-06
2.5284e-14
5.3170000000000002e-14
7.4929999999999999e-25
0
4.4499999999999998e-12
2.5009999999999999e-12
0.0088999999999999999
8.2089999999999995e-12
4.0200000000000002e-12
2.2699999999999998e-12
8.0200000000000002e-12
0

width_lower
0
3.9999999999999999e-28
8.9999999999999996e-17
5.0000000000000004e-18
40
0
3.9999999999999999e-12
0
2.9999999999999999e-22
0
0
150
0
0
0
0
0
0
0
0
0
0
150
0
0
2.9999999999999999e-22
0
3.9999999999999999e-12
0
0
0
2.2999999999999998
40
2.2000000000000002
1.1999999999999999e-07
5.0000000000000004e-18
8.9999999999999996e-17
3.9999999999999999e-28
0
3.2000000000000002e-14
1.9000000000000001e-14
0.00080000000000000004
2.6999999999999999e-14
4e-14
7.0000000000000005e-14
1.1e-13
0

width_upper
0
3.9999999999999999e-28
8.9999999999999996e-17
5.0000000000000004e-18
40
0
3.9999999999999999e-12
0
2.9999999999999999e-22
0
0
190
0
0
0
0
0
0
0
0
0
0
190
0
0
2.9999999999999999e-22
0
3.9999999999999999e-12
0
0
0
2.2999999999999998
40
2.7999999999999998
1.1999999999999999e-07
5.0000000000000004e-18
8.9999999999999996e-17
3.9999999999999999e-28
0
3.2000000000000002e-14
1.9000000000000001e-14
0.00089999999999999998
2.6999999999999999e-14
4e-14
7.0000000000000005e-14
1.1e-13
0

